Template: NONE
Clouds: 0.2717391
RandomItemDensity: 0.6413044
RandomItemSpearChance: 0.2652173
Palette: 12
EffectColorA: 2
EffectColorB: 6
PlacedObjects: MultiplayerItem><257.1252><593.4063><Spear~-10.6795~47~0.6086956, MultiplayerItem><1213.558><114.0315><Spear~17.32051~-10~0.1164836, MultiplayerItem><351.1205><108.1007><Spear~17.32051~-10~0.1164836, MultiplayerItem><377.6943><228.452><Spear~108.3205~411~0.1164836, MultiplayerItem><910.5885><266.7283><Spear~17.32051~-10~0.1164836, MultiplayerItem><689.4156><94.38788><Spear~17.32051~-10~0.1164836, MultiplayerItem><1089.665><549.5398><Spear~-316.6794~93~0.6055636, CustomDecal><494.2456><267.05><-12~306~214~312~187~-10~-366~-508~0.6304348~0.7065217~0~CryWhale~0.6413044~0~0.9347826~0~0.6086956~0.6521739~0~0.5108696, CustomDecal><285.5516><71.47443><-111~475~771~480~670~-33~116~-305~0.6956522~0.7391304~0~GummiWorms~0.8369565~0.3695652~0.8369565~0.1521739~0~0.1413043~0~0.8152174, CustomDecal><891.8379><407.1171><-25~139~207~125~193~-9~55~-443.9665~0.5978261~1~0~SquidSoup(B&W)~0.4021739~0.1581262~0.2173913~0.6743987~0~0.3152174~0.4188232~0.4130435, MultiplayerItem><671.4278><95.65803><ExplosiveSpear~17.32051~-10~0.05434782, MultiplayerItem><942.3643><339.1031><SporePlant~-277.6795~-45~0.04294818, MultiplayerItem><380.4214><294.603><SporePlant~17.32051~-10~0.06518621, LanternOnStick><401.1925><346.6959><-28.99994~-136, LanternOnStick><752.3264><253.9008><16~-185, 
AmbientSounds: OMNI><AM_ENV-Outside.ogg><864.9259><558.1548><0.5><1, OMNI><AM_ENV-NatWind.ogg><862.3864><636.0854><0.3152174><1, 
FadePalette: 3, 0.4021739
